Id,Message,Labels
